Example: 1
1 0 0 -1.33227e-15 
-4.44089e-16 1 1.11022e-16 3.33067e-16 
3.55271e-15 -1.77636e-15 1 5.32907e-15 
-1.77636e-15 -1.77636e-15 8.88178e-16 1 
Example: 2
1 5.82077e-11 7.27596e-11 1.16415e-10 
-3.29692e-12 1 -6.59384e-12 1.04592e-11 
0 2.91038e-11 1 0 
0 4.36557e-11 4.36557e-11 1 
