QR decomposition
Example: 1
Q Matrix
0.863868 0.00421149 0.307373 0.399043 
0.431934 -0.280064 -0.795667 -0.319235 
0.259161 0.452735 0.301536 -0.798087 
0 0.846509 -0.426042 0.319235 
R Matrix
11.5758 6.91095 1.12303 1.46858 
-2.08167e-16 7.08793 -0.671732 0.120027 
-1.38646e-16 -3.5539e-16 3.3597 -4.33629 
3.66959e-16 2.66295e-16 0 0.159617 
Example: 2
Q Matrix
0.502663 -0.000201952 0.00613826 0.86446 
0 0.894052 -0.44795 0.00338962 
-0.42998 0.388563 0.777374 0.244594 
-0.749965 -0.222911 -0.44158 0.43917 
R Matrix
1.00005 0.000899958 -0.869271 -1.48436 
-1.87067e-17 2.24001 1.56627 -0.889616 
-3.70574e-17 0 1.18389 -0.659367 
3.68551e-17 0 0 2.83234e-06 
